100 136 0
1 13
1 2 803
2 1 803
3 4 158
4 3 158
5 6 774
6 5 774
7 8 1531
8 7 1531
9 10 1673
10 9 1673
9 11 1400
11 9 1400
1 12 842
12 1 842
2 13 591
13 2 591
14 15 1371
15 14 1371
16 17 1659
17 16 1659
18 19 1012
19 18 1012
20 21 1226
21 20 1226
20 22 1265
22 20 1265
23 24 2707
24 23 2707
25 26 520
26 25 520
27 28 783
28 27 783
29 30 518
30 29 518
31 32 3412
32 31 3412
33 34 1994
34 33 1994
33 35 337
35 33 337
36 37 363
37 36 363
38 39 1018
39 38 1018
40 41 392
41 40 392
29 42 1074
42 29 1074
43 44 570
44 43 570
44 45 1764
45 44 1764
46 47 1104
47 46 1104
2 48 617
48 2 617
49 50 1515
50 49 1515
49 51 1186
51 49 1186
52 53 2068
53 52 2068
54 55 520
55 54 520
56 57 734
57 56 734
58 59 705
59 58 705
60 61 1253
61 60 1253
62 63 2418
63 62 2418
64 65 1031
65 64 1031
66 58 611
58 66 611
67 68 3233
68 67 3233
68 60 317
60 68 317
60 69 1708
69 60 1708
70 71 353
71 70 353
69 70 454
70 69 454
72 73 5162
73 72 5162
74 75 798
75 74 798
74 76 1407
76 74 1407
77 78 488
78 77 488
77 79 931
79 77 931
78 80 4705
80 78 4705
78 81 1284
81 78 1284
82 83 369
83 82 369
82 84 1744
84 82 1744
85 86 7921
86 85 7921
86 87 10233
87 86 10233
88 89 328
89 88 328
90 91 456
91 90 456
91 88 909
88 91 909
92 93 264
93 92 264
91 92 484
92 91 484
94 95 143
95 94 143
96 97 2345
97 96 2345
98 99 3101
99 98 3101
98 96 1234
96 98 1234
61 71 557
71 61 557
39 31 3288
31 39 3288
55 56 406
56 55 406
46 47 1104
47 46 1104
16 17 1659
17 16 1659
